# pytex-powder-pattern: 1
# name: experimental-ni-fcc-standard
# specimen: Polycrystalline Nickel (fcc, a=3.52387 A)
# radiation: Cu Ka doublet (1.540598 A / 1.544426 A)
# instrument_broadening: Caglioti U=0.005 V=-0.002 W=0.008 (pseudo-Voigt eta=0.6)
# background: Designed exponential air-scattering + quadratic sample curvature
# intensity_unit: counts
# columns: two_theta_deg intensity
20.00  134
20.02  131
20.04  115
20.06  112
20.08  139
20.10  112
20.12  115
20.14  128
20.16  112
20.18  140
20.20  142
20.22  147
20.24  117
20.26  124
20.28  144
20.30  120
20.32  114
20.34  116
20.36  131
20.38  123
20.40  114
20.42  120
20.44  123
20.46  117
20.48  120
20.50  115
20.52  114
20.54  140
20.56  131
20.58  123
20.60  123
20.62  97
20.64  125
20.66  112
20.68  112
20.70  125
20.72  152
20.74  133
20.76  117
20.78  111
20.80  114
20.82  133
20.84  125
20.86  118
20.88  142
20.90  107
20.92  123
20.94  129
20.96  127
20.98  121
21.00  119
21.02  130
21.04  112
21.06  107
21.08  130
21.10  115
21.12  109
21.14  127
21.16  104
21.18  120
21.20  124
21.22  109
21.24  100
21.26  124
21.28  121
21.30  121
21.32  97
21.34  121
21.36  144
21.38  141
21.40  131
21.42  125
21.44  122
21.46  120
21.48  124
21.50  139
21.52  107
21.54  111
21.56  134
21.58  109
21.60  128
21.62  108
21.64  129
21.66  131
21.68  99
21.70  123
21.72  120
21.74  115
21.76  106
21.78  123
21.80  124
21.82  128
21.84  112
21.86  113
21.88  115
21.90  119
21.92  121
21.94  96
21.96  116
21.98  120
22.00  111
22.02  126
22.04  113
22.06  91
22.08  107
22.10  108
22.12  123
22.14  119
22.16  105
22.18  120
22.20  112
22.22  100
22.24  125
22.26  113
22.28  121
22.30  102
22.32  113
22.34  120
22.36  111
22.38  121
22.40  107
22.42  136
22.44  118
22.46  99
22.48  106
22.50  120
22.52  100
22.54  111
22.56  114
22.58  130
22.60  119
22.62  102
22.64  108
22.66  111
22.68  108
22.70  129
22.72  118
22.74  127
22.76  100
22.78  119
22.80  117
22.82  104
22.84  124
22.86  115
22.88  115
22.90  111
22.92  107
22.94  113
22.96  119
22.98  113
23.00  127
23.02  118
23.04  99
23.06  109
23.08  133
23.10  120
23.12  115
23.14  128
23.16  106
23.18  105
23.20  108
23.22  108
23.24  122
23.26  122
23.28  119
23.30  111
23.32  109
23.34  119
23.36  109
23.38  125
23.40  133
23.42  114
23.44  111
23.46  110
23.48  96
23.50  109
23.52  114
23.54  106
23.56  117
23.58  109
23.60  104
23.62  128
23.64  119
23.66  106
23.68  124
23.70  112
23.72  100
23.74  116
23.76  118
23.78  114
23.80  109
23.82  114
23.84  130
23.86  98
23.88  107
23.90  111
23.92  103
23.94  121
23.96  101
23.98  92
24.00  114
24.02  100
24.04  118
24.06  102
24.08  121
24.10  101
24.12  116
24.14  114
24.16  98
24.18  105
24.20  129
24.22  111
24.24  119
24.26  111
24.28  121
24.30  145
24.32  89
24.34  121
24.36  106
24.38  102
24.40  113
24.42  110
24.44  108
24.46  91
24.48  118
24.50  122
24.52  122
24.54  102
24.56  91
24.58  109
24.60  94
24.62  115
24.64  107
24.66  110
24.68  92
24.70  127
24.72  112
24.74  98
24.76  102
24.78  107
24.80  123
24.82  106
24.84  101
24.86  132
24.88  93
24.90  118
24.92  107
24.94  105
24.96  112
24.98  111
25.00  112
25.02  107
25.04  123
25.06  115
25.08  107
25.10  101
25.12  94
25.14  97
25.16  105
25.18  107
25.20  119
25.22  104
25.24  113
25.26  122
25.28  98
25.30  86
25.32  124
25.34  85
25.36  104
25.38  110
25.40  114
25.42  107
25.44  95
25.46  105
25.48  96
25.50  113
25.52  87
25.54  101
25.56  122
25.58  89
25.60  89
25.62  114
25.64  98
25.66  116
25.68  95
25.70  104
25.72  124
25.74  99
25.76  111
25.78  102
25.80  112
25.82  106
25.84  110
25.86  105
25.88  108
25.90  96
25.92  87
25.94  98
25.96  85
25.98  89
26.00  103
26.02  94
26.04  99
26.06  108
26.08  99
26.10  92
26.12  89
26.14  127
26.16  105
26.18  109
26.20  101
26.22  96
26.24  111
26.26  104
26.28  96
26.30  114
26.32  93
26.34  111
26.36  110
26.38  119
26.40  106
26.42  109
26.44  99
26.46  94
26.48  113
26.50  114
26.52  101
26.54  112
26.56  122
26.58  109
26.60  96
26.62  132
26.64  102
26.66  115
26.68  100
26.70  100
26.72  97
26.74  90
26.76  106
26.78  108
26.80  113
26.82  114
26.84  124
26.86  108
26.88  106
26.90  89
26.92  119
26.94  110
26.96  102
26.98  99
27.00  104
27.02  101
27.04  108
27.06  110
27.08  104
27.10  84
27.12  120
27.14  92
27.16  75
27.18  104
27.20  116
27.22  106
27.24  111
27.26  99
27.28  100
27.30  105
27.32  84
27.34  95
27.36  106
27.38  112
27.40  121
27.42  105
27.44  107
27.46  112
27.48  97
27.50  92
27.52  114
27.54  98
27.56  114
27.58  95
27.60  92
27.62  102
27.64  83
27.66  93
27.68  137
27.70  97
27.72  102
27.74  106
27.76  99
27.78  105
27.80  87
27.82  89
27.84  115
27.86  94
27.88  92
27.90  111
27.92  93
27.94  109
27.96  114
27.98  79
28.00  92
28.02  81
28.04  104
28.06  106
28.08  106
28.10  102
28.12  106
28.14  107
28.16  106
28.18  98
28.20  111
28.22  103
28.24  104
28.26  110
28.28  98
28.30  92
28.32  107
28.34  103
28.36  106
28.38  95
28.40  97
28.42  116
28.44  102
28.46  102
28.48  86
28.50  110
28.52  104
28.54  110
28.56  95
28.58  90
28.60  126
28.62  98
28.64  116
28.66  101
28.68  117
28.70  101
28.72  78
28.74  97
28.76  102
28.78  88
28.80  99
28.82  99
28.84  70
28.86  92
28.88  104
28.90  98
28.92  94
28.94  95
28.96  115
28.98  130
29.00  111
29.02  93
29.04  103
29.06  90
29.08  111
29.10  105
29.12  103
29.14  105
29.16  95
29.18  100
29.20  96
29.22  95
29.24  101
29.26  105
29.28  88
29.30  112
29.32  105
29.34  100
29.36  108
29.38  114
29.40  93
29.42  110
29.44  90
29.46  110
29.48  92
29.50  105
29.52  92
29.54  115
29.56  103
29.58  117
29.60  101
29.62  97
29.64  99
29.66  103
29.68  101
29.70  92
29.72  94
29.74  77
29.76  99
29.78  106
29.80  112
29.82  94
29.84  105
29.86  97
29.88  95
29.90  100
29.92  104
29.94  88
29.96  91
29.98  102
30.00  98
30.02  91
30.04  101
30.06  92
30.08  100
30.10  76
30.12  83
30.14  86
30.16  112
30.18  90
30.20  79
30.22  99
30.24  107
30.26  94
30.28  91
30.30  100
30.32  65
30.34  85
30.36  121
30.38  81
30.40  103
30.42  94
30.44  99
30.46  94
30.48  91
30.50  109
30.52  84
30.54  78
30.56  91
30.58  88
30.60  80
30.62  88
30.64  101
30.66  98
30.68  92
30.70  97
30.72  107
30.74  110
30.76  97
30.78  109
30.80  97
30.82  88
30.84  95
30.86  92
30.88  93
30.90  106
30.92  99
30.94  72
30.96  91
30.98  98
31.00  96
31.02  90
31.04  87
31.06  92
31.08  89
31.10  88
31.12  120
31.14  106
31.16  100
31.18  104
31.20  100
31.22  88
31.24  93
31.26  117
31.28  101
31.30  100
31.32  91
31.34  81
31.36  78
31.38  85
31.40  76
31.42  93
31.44  90
31.46  82
31.48  106
31.50  101
31.52  64
31.54  77
31.56  90
31.58  103
31.60  86
31.62  101
31.64  98
31.66  99
31.68  90
31.70  102
31.72  88
31.74  96
31.76  94
31.78  101
31.80  95
31.82  89
31.84  101
31.86  114
31.88  95
31.90  82
31.92  94
31.94  93
31.96  96
31.98  87
32.00  106
32.02  99
32.04  99
32.06  90
32.08  77
32.10  100
32.12  111
32.14  88
32.16  91
32.18  88
32.20  95
32.22  98
32.24  80
32.26  83
32.28  95
32.30  89
32.32  91
32.34  80
32.36  96
32.38  96
32.40  98
32.42  92
32.44  82
32.46  91
32.48  104
32.50  83
32.52  83
32.54  78
32.56  87
32.58  88
32.60  90
32.62  74
32.64  82
32.66  87
32.68  93
32.70  90
32.72  101
32.74  84
32.76  103
32.78  98
32.80  98
32.82  85
32.84  95
32.86  92
32.88  106
32.90  109
32.92  78
32.94  92
32.96  91
32.98  89
33.00  85
33.02  96
33.04  101
33.06  86
33.08  83
33.10  103
33.12  85
33.14  92
33.16  107
33.18  90
33.20  78
33.22  107
33.24  95
33.26  79
33.28  96
33.30  95
33.32  91
33.34  77
33.36  92
33.38  93
33.40  86
33.42  83
33.44  85
33.46  86
33.48  91
33.50  95
33.52  76
33.54  104
33.56  81
33.58  90
33.60  92
33.62  90
33.64  107
33.66  118
33.68  107
33.70  75
33.72  96
33.74  88
33.76  84
33.78  91
33.80  97
33.82  91
33.84  88
33.86  92
33.88  94
33.90  96
33.92  75
33.94  105
33.96  74
33.98  100
34.00  99
34.02  98
34.04  109
34.06  96
34.08  97
34.10  94
34.12  97
34.14  99
34.16  88
34.18  93
34.20  72
34.22  86
34.24  96
34.26  90
34.28  96
34.30  91
34.32  107
34.34  91
34.36  95
34.38  83
34.40  91
34.42  85
34.44  83
34.46  84
34.48  90
34.50  99
34.52  71
34.54  87
34.56  95
34.58  95
34.60  84
34.62  101
34.64  82
34.66  92
34.68  105
34.70  113
34.72  108
34.74  113
34.76  93
34.78  96
34.80  100
34.82  93
34.84  81
34.86  99
34.88  74
34.90  81
34.92  102
34.94  88
34.96  91
34.98  98
35.00  96
35.02  80
35.04  96
35.06  94
35.08  88
35.10  97
35.12  94
35.14  101
35.16  85
35.18  98
35.20  95
35.22  97
35.24  96
35.26  75
35.28  85
35.30  89
35.32  91
35.34  90
35.36  76
35.38  94
35.40  94
35.42  79
35.44  77
35.46  86
35.48  91
35.50  103
35.52  89
35.54  103
35.56  91
35.58  93
35.60  95
35.62  92
35.64  90
35.66  86
35.68  97
35.70  92
35.72  81
35.74  94
35.76  92
35.78  89
35.80  93
35.82  86
35.84  73
35.86  81
35.88  96
35.90  98
35.92  78
35.94  86
35.96  82
35.98  87
36.00  105
36.02  93
36.04  82
36.06  94
36.08  88
36.10  91
36.12  97
36.14  86
36.16  86
36.18  88
36.20  93
36.22  83
36.24  97
36.26  97
36.28  92
36.30  108
36.32  95
36.34  95
36.36  79
36.38  97
36.40  84
36.42  95
36.44  103
36.46  81
36.48  74
36.50  94
36.52  87
36.54  103
36.56  83
36.58  94
36.60  83
36.62  70
36.64  95
36.66  105
36.68  102
36.70  97
36.72  87
36.74  98
36.76  101
36.78  92
36.80  86
36.82  84
36.84  86
36.86  89
36.88  92
36.90  80
36.92  75
36.94  80
36.96  103
36.98  75
37.00  105
37.02  85
37.04  90
37.06  90
37.08  84
37.10  96
37.12  79
37.14  103
37.16  93
37.18  85
37.20  93
37.22  81
37.24  87
37.26  92
37.28  97
37.30  91
37.32  121
37.34  83
37.36  101
37.38  70
37.40  87
37.42  98
37.44  82
37.46  93
37.48  81
37.50  101
37.52  77
37.54  98
37.56  83
37.58  81
37.60  80
37.62  83
37.64  85
37.66  93
37.68  100
37.70  88
37.72  89
37.74  76
37.76  105
37.78  102
37.80  74
37.82  79
37.84  103
37.86  87
37.88  71
37.90  92
37.92  70
37.94  86
37.96  92
37.98  91
38.00  103
38.02  94
38.04  93
38.06  101
38.08  78
38.10  82
38.12  91
38.14  82
38.16  98
38.18  94
38.20  83
38.22  107
38.24  88
38.26  85
38.28  78
38.30  99
38.32  107
38.34  83
38.36  98
38.38  78
38.40  84
38.42  94
38.44  92
38.46  83
38.48  86
38.50  93
38.52  86
38.54  87
38.56  100
38.58  88
38.60  99
38.62  80
38.64  90
38.66  84
38.68  97
38.70  86
38.72  78
38.74  96
38.76  99
38.78  105
38.80  98
38.82  87
38.84  93
38.86  99
38.88  91
38.90  94
38.92  96
38.94  84
38.96  75
38.98  84
39.00  63
39.02  106
39.04  85
39.06  81
39.08  91
39.10  100
39.12  99
39.14  87
39.16  84
39.18  87
39.20  76
39.22  91
39.24  98
39.26  92
39.28  88
39.30  94
39.32  90
39.34  80
39.36  89
39.38  97
39.40  104
39.42  68
39.44  92
39.46  87
39.48  86
39.50  106
39.52  105
39.54  93
39.56  79
39.58  85
39.60  95
39.62  78
39.64  91
39.66  93
39.68  92
39.70  82
39.72  72
39.74  79
39.76  90
39.78  82
39.80  102
39.82  84
39.84  91
39.86  83
39.88  102
39.90  95
39.92  80
39.94  110
39.96  92
39.98  80
40.00  76
40.02  105
40.04  91
40.06  79
40.08  90
40.10  87
40.12  84
40.14  98
40.16  98
40.18  91
40.20  87
40.22  83
40.24  90
40.26  103
40.28  96
40.30  93
40.32  98
40.34  80
40.36  99
40.38  97
40.40  79
40.42  99
40.44  99
40.46  74
40.48  87
40.50  93
40.52  73
40.54  91
40.56  97
40.58  96
40.60  95
40.62  93
40.64  87
40.66  84
40.68  92
40.70  78
40.72  99
40.74  77
40.76  81
40.78  94
40.80  94
40.82  88
40.84  108
40.86  90
40.88  78
40.90  81
40.92  91
40.94  96
40.96  110
40.98  109
41.00  95
41.02  77
41.04  80
41.06  84
41.08  90
41.10  91
41.12  87
41.14  76
41.16  76
41.18  96
41.20  88
41.22  84
41.24  102
41.26  83
41.28  103
41.30  72
41.32  88
41.34  97
41.36  70
41.38  95
41.40  94
41.42  93
41.44  98
41.46  95
41.48  81
41.50  100
41.52  95
41.54  96
41.56  90
41.58  103
41.60  84
41.62  76
41.64  98
41.66  74
41.68  96
41.70  98
41.72  88
41.74  86
41.76  109
41.78  84
41.80  89
41.82  111
41.84  87
41.86  85
41.88  97
41.90  83
41.92  88
41.94  90
41.96  90
41.98  76
42.00  94
42.02  87
42.04  88
42.06  81
42.08  98
42.10  78
42.12  99
42.14  82
42.16  100
42.18  87
42.20  92
42.22  84
42.24  82
42.26  91
42.28  84
42.30  78
42.32  96
42.34  79
42.36  95
42.38  104
42.40  100
42.42  67
42.44  86
42.46  98
42.48  95
42.50  104
42.52  104
42.54  84
42.56  96
42.58  98
42.60  110
42.62  106
42.64  98
42.66  123
42.68  91
42.70  92
42.72  91
42.74  95
42.76  92
42.78  101
42.80  83
42.82  84
42.84  91
42.86  106
42.88  94
42.90  87
42.92  110
42.94  95
42.96  88
42.98  110
43.00  94
43.02  102
43.04  116
43.06  85
43.08  112
43.10  91
43.12  115
43.14  97
43.16  124
43.18  86
43.20  107
43.22  84
43.24  92
43.26  90
43.28  93
43.30  89
43.32  70
43.34  108
43.36  91
43.38  77
43.40  89
43.42  112
43.44  88
43.46  107
43.48  100
43.50  108
43.52  111
43.54  94
43.56  111
43.58  119
43.60  105
43.62  100
43.64  96
43.66  119
43.68  101
43.70  97
43.72  116
43.74  133
43.76  125
43.78  130
43.80  127
43.82  135
43.84  136
43.86  125
43.88  129
43.90  143
43.92  156
43.94  142
43.96  141
43.98  150
44.00  151
44.02  152
44.04  171
44.06  177
44.08  187
44.10  162
44.12  200
44.14  200
44.16  214
44.18  231
44.20  239
44.22  272
44.24  292
44.26  346
44.28  367
44.30  407
44.32  536
44.34  626
44.36  808
44.38  1026
44.40  1597
44.42  2688
44.44  4724
44.46  7808
44.48  10948
44.50  12137
44.52  9891
44.54  7166
44.56  5729
44.58  5910
44.60  6703
44.62  6369
44.64  4751
44.66  3165
44.68  1871
44.70  1151
44.72  776
44.74  633
44.76  534
44.78  448
44.80  374
44.82  359
44.84  308
44.86  236
44.88  229
44.90  232
44.92  201
44.94  172
44.96  207
44.98  177
45.00  171
45.02  171
45.04  143
45.06  149
45.08  141
45.10  128
45.12  113
45.14  139
45.16  136
45.18  133
45.20  139
45.22  112
45.24  118
45.26  131
45.28  126
45.30  124
45.32  117
45.34  108
45.36  115
45.38  112
45.40  113
45.42  119
45.44  96
45.46  92
45.48  122
45.50  91
45.52  114
45.54  113
45.56  107
45.58  106
45.60  107
45.62  106
45.64  111
45.66  76
45.68  93
45.70  92
45.72  107
45.74  80
45.76  91
45.78  95
45.80  106
45.82  107
45.84  93
45.86  89
45.88  100
45.90  99
45.92  88
45.94  103
45.96  91
45.98  86
46.00  89
46.02  86
46.04  105
46.06  98
46.08  79
46.10  101
46.12  79
46.14  95
46.16  84
46.18  86
46.20  94
46.22  95
46.24  92
46.26  91
46.28  92
46.30  102
46.32  89
46.34  89
46.36  97
46.38  84
46.40  85
46.42  103
46.44  104
46.46  87
46.48  103
46.50  88
46.52  99
46.54  89
46.56  92
46.58  91
46.60  105
46.62  94
46.64  98
46.66  91
46.68  99
46.70  95
46.72  108
46.74  94
46.76  99
46.78  84
46.80  107
46.82  81
46.84  93
46.86  82
46.88  80
46.90  91
46.92  100
46.94  100
46.96  92
46.98  94
47.00  95
47.02  91
47.04  94
47.06  106
47.08  96
47.10  82
47.12  83
47.14  94
47.16  100
47.18  83
47.20  97
47.22  84
47.24  82
47.26  100
47.28  92
47.30  90
47.32  91
47.34  80
47.36  87
47.38  77
47.40  82
47.42  93
47.44  73
47.46  88
47.48  90
47.50  80
47.52  84
47.54  67
47.56  94
47.58  95
47.60  93
47.62  96
47.64  91
47.66  92
47.68  101
47.70  92
47.72  81
47.74  104
47.76  86
47.78  92
47.80  89
47.82  87
47.84  95
47.86  102
47.88  107
47.90  80
47.92  88
47.94  89
47.96  78
47.98  91
48.00  88
48.02  97
48.04  94
48.06  86
48.08  97
48.10  98
48.12  87
48.14  100
48.16  74
48.18  85
48.20  125
48.22  99
48.24  101
48.26  91
48.28  97
48.30  95
48.32  87
48.34  85
48.36  85
48.38  96
48.40  90
48.42  99
48.44  106
48.46  92
48.48  86
48.50  87
48.52  77
48.54  83
48.56  92
48.58  94
48.60  108
48.62  112
48.64  100
48.66  82
48.68  90
48.70  101
48.72  83
48.74  97
48.76  95
48.78  72
48.80  92
48.82  100
48.84  104
48.86  91
48.88  106
48.90  97
48.92  81
48.94  84
48.96  93
48.98  86
49.00  103
49.02  101
49.04  97
49.06  100
49.08  76
49.10  94
49.12  81
49.14  91
49.16  101
49.18  90
49.20  96
49.22  86
49.24  81
49.26  91
49.28  86
49.30  95
49.32  102
49.34  83
49.36  101
49.38  79
49.40  87
49.42  78
49.44  100
49.46  89
49.48  94
49.50  102
49.52  86
49.54  95
49.56  107
49.58  82
49.60  89
49.62  79
49.64  85
49.66  110
49.68  82
49.70  91
49.72  88
49.74  102
49.76  90
49.78  94
49.80  89
49.82  80
49.84  102
49.86  90
49.88  116
49.90  84
49.92  96
49.94  88
49.96  90
49.98  88
50.00  70
50.02  95
50.04  86
50.06  95
50.08  100
50.10  84
50.12  102
50.14  85
50.16  100
50.18  89
50.20  87
50.22  86
50.24  77
50.26  79
50.28  95
50.30  85
50.32  76
50.34  79
50.36  84
50.38  88
50.40  113
50.42  94
50.44  92
50.46  70
50.48  100
50.50  88
50.52  89
50.54  113
50.56  84
50.58  105
50.60  96
50.62  90
50.64  101
50.66  87
50.68  97
50.70  94
50.72  84
50.74  83
50.76  87
50.78  97
50.80  87
50.82  108
50.84  106
50.86  94
50.88  112
50.90  97
50.92  99
50.94  102
50.96  100
50.98  105
51.00  102
51.02  91
51.04  103
51.06  97
51.08  84
51.10  109
51.12  104
51.14  88
51.16  117
51.18  110
51.20  108
51.22  112
51.24  121
51.26  125
51.28  127
51.30  122
51.32  108
51.34  124
51.36  123
51.38  142
51.40  120
51.42  133
51.44  150
51.46  134
51.48  156
51.50  130
51.52  153
51.54  183
51.56  195
51.58  187
51.60  220
51.62  222
51.64  240
51.66  306
51.68  320
51.70  421
51.72  458
51.74  697
51.76  1032
51.78  1663
51.80  2996
51.82  4881
51.84  6256
51.86  6074
51.88  4668
51.90  3222
51.92  2332
51.94  2342
51.96  2943
51.98  3475
52.00  3213
52.02  2377
52.04  1442
52.06  902
52.08  530
52.10  437
52.12  310
52.14  269
52.16  260
52.18  232
52.20  200
52.22  179
52.24  192
52.26  160
52.28  152
52.30  172
52.32  160
52.34  130
52.36  144
52.38  143
52.40  120
52.42  114
52.44  131
52.46  118
52.48  112
52.50  130
52.52  123
52.54  115
52.56  93
52.58  117
52.60  93
52.62  85
52.64  113
52.66  112
52.68  102
52.70  107
52.72  93
52.74  109
52.76  102
52.78  98
52.80  95
52.82  103
52.84  93
52.86  88
52.88  116
52.90  111
52.92  104
52.94  95
52.96  93
52.98  94
53.00  97
53.02  91
53.04  99
53.06  96
53.08  115
53.10  85
53.12  86
53.14  94
53.16  101
53.18  121
53.20  75
53.22  92
53.24  94
53.26  97
53.28  88
53.30  103
53.32  99
53.34  77
53.36  103
53.38  92
53.40  78
53.42  101
53.44  79
53.46  95
53.48  98
53.50  99
53.52  89
53.54  86
53.56  88
53.58  103
53.60  102
53.62  89
53.64  99
53.66  112
53.68  91
53.70  117
53.72  112
53.74  88
53.76  87
53.78  102
53.80  83
53.82  88
53.84  104
53.86  88
53.88  67
53.90  96
53.92  73
53.94  80
53.96  97
53.98  93
54.00  88
54.02  80
54.04  96
54.06  85
54.08  82
54.10  82
54.12  74
54.14  102
54.16  86
54.18  89
54.20  95
54.22  71
54.24  82
54.26  94
54.28  86
54.30  88
54.32  91
54.34  86
54.36  90
54.38  82
54.40  89
54.42  94
54.44  84
54.46  113
54.48  82
54.50  78
54.52  82
54.54  84
54.56  80
54.58  104
54.60  95
54.62  105
54.64  72
54.66  92
54.68  84
54.70  77
54.72  87
54.74  108
54.76  91
54.78  90
54.80  69
54.82  90
54.84  94
54.86  78
54.88  104
54.90  112
54.92  83
54.94  85
54.96  100
54.98  88
55.00  100
55.02  88
55.04  93
55.06  86
55.08  103
55.10  81
55.12  70
55.14  89
55.16  76
55.18  105
55.20  85
55.22  105
55.24  92
55.26  92
55.28  76
55.30  91
55.32  68
55.34  88
55.36  96
55.38  79
55.40  85
55.42  76
55.44  100
55.46  79
55.48  81
55.50  76
55.52  93
55.54  77
55.56  94
55.58  79
55.60  92
55.62  96
55.64  81
55.66  81
55.68  100
55.70  94
55.72  92
55.74  95
55.76  86
55.78  93
55.80  100
55.82  90
55.84  93
55.86  102
55.88  105
55.90  94
55.92  102
55.94  87
55.96  86
55.98  94
56.00  88
56.02  92
56.04  110
56.06  94
56.08  94
56.10  102
56.12  96
56.14  91
56.16  87
56.18  77
56.20  79
56.22  99
56.24  79
56.26  91
56.28  105
56.30  88
56.32  81
56.34  94
56.36  92
56.38  85
56.40  89
56.42  87
56.44  86
56.46  87
56.48  102
56.50  74
56.52  77
56.54  96
56.56  89
56.58  99
56.60  93
56.62  90
56.64  90
56.66  103
56.68  90
56.70  96
56.72  94
56.74  92
56.76  97
56.78  96
56.80  101
56.82  114
56.84  108
56.86  86
56.88  105
56.90  105
56.92  90
56.94  85
56.96  91
56.98  85
57.00  92
57.02  89
57.04  92
57.06  87
57.08  89
57.10  82
57.12  83
57.14  74
57.16  110
57.18  99
57.20  94
57.22  91
57.24  105
57.26  77
57.28  105
57.30  88
57.32  82
57.34  90
57.36  96
57.38  86
57.40  95
57.42  81
57.44  96
57.46  106
57.48  109
57.50  91
57.52  86
57.54  105
57.56  107
57.58  104
57.60  101
57.62  91
57.64  96
57.66  86
57.68  91
57.70  85
57.72  89
57.74  86
57.76  98
57.78  104
57.80  83
57.82  99
57.84  97
57.86  75
57.88  111
57.90  80
57.92  89
57.94  94
57.96  88
57.98  104
58.00  78
58.02  100
58.04  83
58.06  93
58.08  104
58.10  88
58.12  88
58.14  78
58.16  87
58.18  80
58.20  94
58.22  89
58.24  107
58.26  104
58.28  97
58.30  90
58.32  80
58.34  100
58.36  95
58.38  78
58.40  98
58.42  90
58.44  89
58.46  84
58.48  73
58.50  87
58.52  90
58.54  102
58.56  76
58.58  93
58.60  96
58.62  77
58.64  99
58.66  90
58.68  91
58.70  86
58.72  72
58.74  92
58.76  106
58.78  97
58.80  84
58.82  85
58.84  98
58.86  89
58.88  92
58.90  94
58.92  87
58.94  79
58.96  91
58.98  92
59.00  98
59.02  73
59.04  89
59.06  98
59.08  95
59.10  93
59.12  109
59.14  87
59.16  104
59.18  87
59.20  85
59.22  94
59.24  87
59.26  99
59.28  91
59.30  85
59.32  79
59.34  76
59.36  93
59.38  101
59.40  112
59.42  93
59.44  94
59.46  98
59.48  96
59.50  94
59.52  102
59.54  82
59.56  93
59.58  83
59.60  85
59.62  83
59.64  115
59.66  94
59.68  89
59.70  93
59.72  91
59.74  72
59.76  109
59.78  95
59.80  101
59.82  84
59.84  104
59.86  96
59.88  84
59.90  104
59.92  101
59.94  84
59.96  87
59.98  86
60.00  82
60.02  82
60.04  94
60.06  95
60.08  68
60.10  89
60.12  83
60.14  81
60.16  95
60.18  89
60.20  104
60.22  98
60.24  92
60.26  89
60.28  106
60.30  84
60.32  117
60.34  94
60.36  86
60.38  99
60.40  100
60.42  103
60.44  101
60.46  95
60.48  85
60.50  83
60.52  98
60.54  110
60.56  101
60.58  100
60.60  86
60.62  94
60.64  85
60.66  91
60.68  88
60.70  110
60.72  106
60.74  99
60.76  82
60.78  85
60.80  90
60.82  77
60.84  75
60.86  81
60.88  93
60.90  100
60.92  101
60.94  96
60.96  89
60.98  99
61.00  91
61.02  101
61.04  85
61.06  79
61.08  86
61.10  86
61.12  104
61.14  95
61.16  87
61.18  104
61.20  92
61.22  110
61.24  99
61.26  102
61.28  86
61.30  91
61.32  77
61.34  92
61.36  88
61.38  80
61.40  96
61.42  97
61.44  93
61.46  88
61.48  101
61.50  87
61.52  104
61.54  102
61.56  99
61.58  86
61.60  88
61.62  94
61.64  102
61.66  89
61.68  81
61.70  99
61.72  66
61.74  97
61.76  105
61.78  102
61.80  103
61.82  82
61.84  95
61.86  97
61.88  94
61.90  101
61.92  94
61.94  121
61.96  92
61.98  94
62.00  91
62.02  101
62.04  99
62.06  85
62.08  92
62.10  91
62.12  101
62.14  87
62.16  111
62.18  92
62.20  110
62.22  107
62.24  91
62.26  99
62.28  103
62.30  113
62.32  100
62.34  109
62.36  79
62.38  109
62.40  88
62.42  90
62.44  82
62.46  106
62.48  92
62.50  106
62.52  90
62.54  99
62.56  91
62.58  97
62.60  102
62.62  91
62.64  86
62.66  99
62.68  108
62.70  86
62.72  98
62.74  90
62.76  90
62.78  94
62.80  98
62.82  110
62.84  84
62.86  89
62.88  105
62.90  105
62.92  77
62.94  111
62.96  102
62.98  96
63.00  110
63.02  97
63.04  105
63.06  86
63.08  87
63.10  85
63.12  92
63.14  90
63.16  83
63.18  102
63.20  90
63.22  99
63.24  91
63.26  79
63.28  96
63.30  89
63.32  87
63.34  87
63.36  92
63.38  100
63.40  88
63.42  95
63.44  84
63.46  93
63.48  93
63.50  79
63.52  103
63.54  98
63.56  97
63.58  94
63.60  107
63.62  87
63.64  86
63.66  110
63.68  100
63.70  93
63.72  91
63.74  90
63.76  104
63.78  105
63.80  96
63.82  94
63.84  101
63.86  95
63.88  91
63.90  108
63.92  99
63.94  104
63.96  102
63.98  96
64.00  118
64.02  95
64.04  108
64.06  101
64.08  94
64.10  116
64.12  84
64.14  85
64.16  111
64.18  94
64.20  95
64.22  98
64.24  97
64.26  115
64.28  108
64.30  108
64.32  90
64.34  83
64.36  116
64.38  84
64.40  88
64.42  87
64.44  98
64.46  93
64.48  100
64.50  89
64.52  101
64.54  107
64.56  112
64.58  94
64.60  92
64.62  95
64.64  102
64.66  71
64.68  111
64.70  105
64.72  95
64.74  105
64.76  83
64.78  106
64.80  106
64.82  91
64.84  94
64.86  90
64.88  100
64.90  100
64.92  91
64.94  96
64.96  102
64.98  94
65.00  94
65.02  97
65.04  94
65.06  76
65.08  101
65.10  82
65.12  94
65.14  88
65.16  133
65.18  100
65.20  98
65.22  115
65.24  98
65.26  89
65.28  91
65.30  95
65.32  97
65.34  94
65.36  91
65.38  90
65.40  75
65.42  107
65.44  106
65.46  94
65.48  92
65.50  92
65.52  95
65.54  89
65.56  102
65.58  99
65.60  107
65.62  94
65.64  115
65.66  98
65.68  92
65.70  81
65.72  95
65.74  78
65.76  110
65.78  98
65.80  121
65.82  90
65.84  98
65.86  103
65.88  104
65.90  112
65.92  84
65.94  76
65.96  98
65.98  95
66.00  89
66.02  88
66.04  97
66.06  95
66.08  103
66.10  109
66.12  92
66.14  93
66.16  119
66.18  104
66.20  73
66.22  97
66.24  98
66.26  111
66.28  124
66.30  101
66.32  98
66.34  95
66.36  123
66.38  88
66.40  88
66.42  92
66.44  128
66.46  93
66.48  86
66.50  104
66.52  102
66.54  104
66.56  99
66.58  109
66.60  93
66.62  98
66.64  96
66.66  88
66.68  88
66.70  111
66.72  108
66.74  113
66.76  86
66.78  109
66.80  113
66.82  98
66.84  103
66.86  111
66.88  98
66.90  101
66.92  117
66.94  95
66.96  79
66.98  103
67.00  85
67.02  116
67.04  115
67.06  122
67.08  90
67.10  111
67.12  94
67.14  83
67.16  87
67.18  110
67.20  96
67.22  120
67.24  119
67.26  103
67.28  113
67.30  93
67.32  97
67.34  111
67.36  93
67.38  98
67.40  101
67.42  82
67.44  105
67.46  102
67.48  105
67.50  105
67.52  99
67.54  107
67.56  103
67.58  98
67.60  99
67.62  89
67.64  100
67.66  80
67.68  108
67.70  96
67.72  109
67.74  102
67.76  87
67.78  97
67.80  106
67.82  106
67.84  96
67.86  105
67.88  91
67.90  90
67.92  102
67.94  90
67.96  107
67.98  98
68.00  93
68.02  111
68.04  97
68.06  87
68.08  103
68.10  109
68.12  110
68.14  89
68.16  115
68.18  92
68.20  90
68.22  107
68.24  94
68.26  109
68.28  110
68.30  98
68.32  113
68.34  112
68.36  111
68.38  106
68.40  88
68.42  103
68.44  127
68.46  97
68.48  106
68.50  100
68.52  112
68.54  97
68.56  91
68.58  85
68.60  97
68.62  97
68.64  102
68.66  109
68.68  76
68.70  101
68.72  85
68.74  105
68.76  84
68.78  107
68.80  94
68.82  110
68.84  104
68.86  114
68.88  99
68.90  102
68.92  111
68.94  119
68.96  87
68.98  104
69.00  115
69.02  97
69.04  108
69.06  106
69.08  125
69.10  91
69.12  114
69.14  99
69.16  102
69.18  89
69.20  112
69.22  107
69.24  114
69.26  106
69.28  93
69.30  95
69.32  96
69.34  96
69.36  87
69.38  96
69.40  90
69.42  88
69.44  94
69.46  82
69.48  125
69.50  101
69.52  105
69.54  106
69.56  98
69.58  96
69.60  95
69.62  109
69.64  111
69.66  129
69.68  108
69.70  100
69.72  97
69.74  102
69.76  105
69.78  101
69.80  100
69.82  103
69.84  101
69.86  104
69.88  112
69.90  123
69.92  91
69.94  104
69.96  89
69.98  82
70.00  92
70.02  110
70.04  105
70.06  113
70.08  111
70.10  98
70.12  114
70.14  112
70.16  121
70.18  94
70.20  116
70.22  102
70.24  106
70.26  117
70.28  91
70.30  89
70.32  91
70.34  107
70.36  103
70.38  108
70.40  105
70.42  107
70.44  95
70.46  114
70.48  89
70.50  99
70.52  113
70.54  97
70.56  107
70.58  107
70.60  102
70.62  108
70.64  112
70.66  103
70.68  95
70.70  98
70.72  120
70.74  99
70.76  86
70.78  95
70.80  92
70.82  90
70.84  99
70.86  108
70.88  104
70.90  109
70.92  102
70.94  120
70.96  102
70.98  86
71.00  112
71.02  91
71.04  100
71.06  86
71.08  97
71.10  106
71.12  100
71.14  98
71.16  102
71.18  106
71.20  92
71.22  104
71.24  81
71.26  101
71.28  83
71.30  97
71.32  102
71.34  120
71.36  111
71.38  136
71.40  100
71.42  103
71.44  83
71.46  112
71.48  100
71.50  106
71.52  105
71.54  104
71.56  101
71.58  89
71.60  113
71.62  111
71.64  89
71.66  83
71.68  107
71.70  104
71.72  110
71.74  111
71.76  100
71.78  115
71.80  104
71.82  83
71.84  100
71.86  124
71.88  108
71.90  90
71.92  76
71.94  92
71.96  92
71.98  118
72.00  113
72.02  116
72.04  126
72.06  117
72.08  104
72.10  100
72.12  104
72.14  111
72.16  105
72.18  114
72.20  104
72.22  110
72.24  119
72.26  95
72.28  105
72.30  109
72.32  103
72.34  96
72.36  108
72.38  117
72.40  97
72.42  98
72.44  91
72.46  111
72.48  109
72.50  96
72.52  96
72.54  105
72.56  103
72.58  80
72.60  97
72.62  109
72.64  98
72.66  115
72.68  107
72.70  91
72.72  111
72.74  97
72.76  91
72.78  117
72.80  123
72.82  94
72.84  94
72.86  99
72.88  90
72.90  99
72.92  118
72.94  111
72.96  109
72.98  101
73.00  113
73.02  111
73.04  98
73.06  100
73.08  106
73.10  112
73.12  92
73.14  108
73.16  113
73.18  94
73.20  112
73.22  91
73.24  96
73.26  96
73.28  96
73.30  93
73.32  113
73.34  120
73.36  108
73.38  121
73.40  98
73.42  99
73.44  110
73.46  114
73.48  101
73.50  105
73.52  98
73.54  127
73.56  110
73.58  118
73.60  104
73.62  108
73.64  106
73.66  115
73.68  120
73.70  79
73.72  97
73.74  113
73.76  109
73.78  94
73.80  112
73.82  113
73.84  110
73.86  100
73.88  101
73.90  110
73.92  108
73.94  105
73.96  106
73.98  107
74.00  110
74.02  119
74.04  127
74.06  105
74.08  125
74.10  118
74.12  105
74.14  109
74.16  99
74.18  107
74.20  110
74.22  128
74.24  107
74.26  108
74.28  94
74.30  105
74.32  94
74.34  102
74.36  106
74.38  118
74.40  127
74.42  114
74.44  117
74.46  97
74.48  117
74.50  115
74.52  112
74.54  102
74.56  102
74.58  110
74.60  101
74.62  103
74.64  110
74.66  106
74.68  95
74.70  118
74.72  97
74.74  105
74.76  141
74.78  109
74.80  105
74.82  111
74.84  100
74.86  132
74.88  116
74.90  123
74.92  104
74.94  102
74.96  115
74.98  115
75.00  113
75.02  119
75.04  117
75.06  103
75.08  108
75.10  108
75.12  129
75.14  115
75.16  97
75.18  101
75.20  90
75.22  121
75.24  123
75.26  139
75.28  103
75.30  121
75.32  118
75.34  121
75.36  108
75.38  121
75.40  101
75.42  122
75.44  129
75.46  126
75.48  109
75.50  118
75.52  122
75.54  128
75.56  121
75.58  111
75.60  128
75.62  123
75.64  113
75.66  129
75.68  131
75.70  120
75.72  116
75.74  110
75.76  100
75.78  132
75.80  137
75.82  131
75.84  107
75.86  130
75.88  147
75.90  140
75.92  139
75.94  132
75.96  137
75.98  143
76.00  174
76.02  155
76.04  155
76.06  189
76.08  156
76.10  192
76.12  246
76.14  233
76.16  253
76.18  291
76.20  324
76.22  330
76.24  402
76.26  529
76.28  725
76.30  1204
76.32  2069
76.34  3262
76.36  4439
76.38  5161
76.40  4459
76.42  3095
76.44  2028
76.46  1284
76.48  928
76.50  792
76.52  871
76.54  1140
76.56  1701
76.58  2340
76.60  2693
76.62  2512
76.64  1826
76.66  1193
76.68  725
76.70  504
76.72  346
76.74  293
76.76  272
76.78  249
76.80  240
76.82  185
76.84  204
76.86  191
76.88  175
76.90  175
76.92  162
76.94  159
76.96  154
76.98  149
77.00  143
77.02  141
77.04  142
77.06  147
77.08  129
77.10  126
77.12  135
77.14  125
77.16  122
77.18  128
77.20  118
77.22  120
77.24  126
77.26  128
77.28  114
77.30  123
77.32  127
77.34  119
77.36  106
77.38  129
77.40  117
77.42  91
77.44  117
77.46  136
77.48  126
77.50  119
77.52  117
77.54  129
77.56  108
77.58  138
77.60  123
77.62  115
77.64  116
77.66  114
77.68  116
77.70  115
77.72  111
77.74  121
77.76  107
77.78  117
77.80  123
77.82  118
77.84  107
77.86  109
77.88  117
77.90  121
77.92  121
77.94  119
77.96  126
77.98  110
78.00  112
78.02  113
78.04  142
78.06  106
78.08  118
78.10  87
78.12  118
78.14  118
78.16  123
78.18  128
78.20  105
78.22  113
78.24  109
78.26  113
78.28  105
78.30  108
78.32  101
78.34  134
78.36  115
78.38  122
78.40  113
78.42  141
78.44  127
78.46  113
78.48  135
78.50  119
78.52  114
78.54  139
78.56  125
78.58  122
78.60  124
78.62  109
78.64  142
78.66  94
78.68  113
78.70  127
78.72  110
78.74  117
78.76  127
78.78  118
78.80  117
78.82  110
78.84  110
78.86  135
78.88  119
78.90  115
78.92  135
78.94  100
78.96  122
78.98  116
79.00  103
79.02  86
79.04  117
79.06  107
79.08  112
79.10  97
79.12  107
79.14  103
79.16  104
79.18  96
79.20  135
79.22  110
79.24  103
79.26  113
79.28  121
79.30  117
79.32  125
79.34  103
79.36  111
79.38  92
79.40  132
79.42  117
79.44  102
79.46  93
79.48  105
79.50  125
79.52  129
79.54  117
79.56  116
79.58  126
79.60  94
79.62  140
79.64  125
79.66  116
79.68  133
79.70  114
79.72  125
79.74  129
79.76  113
79.78  107
79.80  103
79.82  140
79.84  108
79.86  110
79.88  118
79.90  100
79.92  125
79.94  114
79.96  121
79.98  107
80.00  104
80.02  122
80.04  115
80.06  110
80.08  109
80.10  95
80.12  129
80.14  115
80.16  117
80.18  122
80.20  122
80.22  124
80.24  115
80.26  118
80.28  121
80.30  107
80.32  103
80.34  109
80.36  114
80.38  127
80.40  110
80.42  111
80.44  125
80.46  131
80.48  130
80.50  126
80.52  136
80.54  133
80.56  144
80.58  113
80.60  105
80.62  116
80.64  107
80.66  115
80.68  120
80.70  108
80.72  132
80.74  121
80.76  131
80.78  116
80.80  117
80.82  104
80.84  111
80.86  116
80.88  121
80.90  96
80.92  116
80.94  118
80.96  132
80.98  120
81.00  127
81.02  137
81.04  98
81.06  107
81.08  118
81.10  120
81.12  112
81.14  111
81.16  103
81.18  101
81.20  108
81.22  113
81.24  135
81.26  118
81.28  101
81.30  102
81.32  127
81.34  104
81.36  144
81.38  111
81.40  114
81.42  120
81.44  147
81.46  100
81.48  111
81.50  109
81.52  97
81.54  112
81.56  108
81.58  111
81.60  137
81.62  101
81.64  119
81.66  123
81.68  118
81.70  124
81.72  115
81.74  123
81.76  108
81.78  111
81.80  137
81.82  114
81.84  105
81.86  130
81.88  112
81.90  103
81.92  96
81.94  102
81.96  131
81.98  119
82.00  114
82.02  109
82.04  112
82.06  128
82.08  126
82.10  124
82.12  133
82.14  119
82.16  131
82.18  102
82.20  99
82.22  115
82.24  128
82.26  113
82.28  126
82.30  115
82.32  130
82.34  118
82.36  113
82.38  129
82.40  120
82.42  110
82.44  110
82.46  124
82.48  106
82.50  121
82.52  123
82.54  126
82.56  123
82.58  116
82.60  105
82.62  126
82.64  107
82.66  141
82.68  122
82.70  94
82.72  95
82.74  130
82.76  115
82.78  116
82.80  106
82.82  128
82.84  111
82.86  106
82.88  132
82.90  133
82.92  120
82.94  131
82.96  112
82.98  124
83.00  136
83.02  115
83.04  128
83.06  115
83.08  114
83.10  105
83.12  114
83.14  105
83.16  139
83.18  103
83.20  115
83.22  115
83.24  125
83.26  115
83.28  124
83.30  131
83.32  143
83.34  132
83.36  111
83.38  124
83.40  115
83.42  117
83.44  113
83.46  118
83.48  127
83.50  115
83.52  120
83.54  125
83.56  103
83.58  118
83.60  119
83.62  105
83.64  122
83.66  122
83.68  122
83.70  127
83.72  105
83.74  139
83.76  133
83.78  111
83.80  123
83.82  106
83.84  114
83.86  126
83.88  121
83.90  118
83.92  121
83.94  116
83.96  122
83.98  134
84.00  105
84.02  105
84.04  119
84.06  116
84.08  110
84.10  98
84.12  99
84.14  120
84.16  132
84.18  119
84.20  135
84.22  126
84.24  126
84.26  138
84.28  125
84.30  117
84.32  111
84.34  119
84.36  129
84.38  118
84.40  98
84.42  114
84.44  113
84.46  102
84.48  129
84.50  136
84.52  109
84.54  119
84.56  115
84.58  132
84.60  131
84.62  134
84.64  112
84.66  127
84.68  122
84.70  119
84.72  137
84.74  118
84.76  131
84.78  128
84.80  143
84.82  130
84.84  102
84.86  128
84.88  121
84.90  129
84.92  122
84.94  124
84.96  106
84.98  124
85.00  135
85.02  117
85.04  126
85.06  114
85.08  110
85.10  117
85.12  136
85.14  111
85.16  131
85.18  118
85.20  130
85.22  127
85.24  122
85.26  117
85.28  110
85.30  100
85.32  133
85.34  127
85.36  130
85.38  121
85.40  111
85.42  135
85.44  117
85.46  140
85.48  124
85.50  111
85.52  119
85.54  118
85.56  140
85.58  110
85.60  139
85.62  146
85.64  109
85.66  129
85.68  135
85.70  139
85.72  122
85.74  103
85.76  115
85.78  124
85.80  139
85.82  126
85.84  137
85.86  121
85.88  143
85.90  131
85.92  108
85.94  130
85.96  129
85.98  113
86.00  122
86.02  120
86.04  130
86.06  124
86.08  136
86.10  119
86.12  124
86.14  130
86.16  129
86.18  103
86.20  116
86.22  130
86.24  116
86.26  136
86.28  117
86.30  119
86.32  129
86.34  110
86.36  136
86.38  123
86.40  131
86.42  110
86.44  132
86.46  137
86.48  117
86.50  115
86.52  114
86.54  140
86.56  125
86.58  127
86.60  130
86.62  142
86.64  130
86.66  136
86.68  122
86.70  125
86.72  106
86.74  133
86.76  155
86.78  120
86.80  120
86.82  110
86.84  127
86.86  135
86.88  117
86.90  123
86.92  132
86.94  128
86.96  110
86.98  111
87.00  134
87.02  135
87.04  117
87.06  132
87.08  136
87.10  129
87.12  127
87.14  118
87.16  121
87.18  157
87.20  116
87.22  118
87.24  135
87.26  118
87.28  142
87.30  137
87.32  130
87.34  115
87.36  131
87.38  116
87.40  141
87.42  141
87.44  127
87.46  138
87.48  102
87.50  125
87.52  129
87.54  118
87.56  125
87.58  107
87.60  148
87.62  120
87.64  129
87.66  130
87.68  128
87.70  121
87.72  124
87.74  137
87.76  124
87.78  127
87.80  114
87.82  136
87.84  130
87.86  144
87.88  115
87.90  140
87.92  124
87.94  131
87.96  147
87.98  123
88.00  141
88.02  108
88.04  126
88.06  127
88.08  146
88.10  139
88.12  110
88.14  158
88.16  110
88.18  129
88.20  127
88.22  99
88.24  136
88.26  130
88.28  126
88.30  121
88.32  132
88.34  125
88.36  107
88.38  122
88.40  128
88.42  118
88.44  120
88.46  132
88.48  122
88.50  121
88.52  123
88.54  135
88.56  120
88.58  144
88.60  132
88.62  116
88.64  116
88.66  146
88.68  128
88.70  115
88.72  151
88.74  135
88.76  122
88.78  125
88.80  108
88.82  127
88.84  143
88.86  137
88.88  121
88.90  123
88.92  139
88.94  145
88.96  139
88.98  138
89.00  131
89.02  108
89.04  134
89.06  126
89.08  133
89.10  111
89.12  129
89.14  139
89.16  134
89.18  95
89.20  108
89.22  106
89.24  112
89.26  122
89.28  133
89.30  130
89.32  153
89.34  134
89.36  144
89.38  135
89.40  128
89.42  131
89.44  103
89.46  130
89.48  130
89.50  124
89.52  138
89.54  157
89.56  135
89.58  112
89.60  122
89.62  128
89.64  144
89.66  135
89.68  124
89.70  129
89.72  121
89.74  125
89.76  144
89.78  107
89.80  107
89.82  115
89.84  133
89.86  133
89.88  120
89.90  136
89.92  131
89.94  134
89.96  133
89.98  117
90.00  118
90.02  145
90.04  126
90.06  135
90.08  137
90.10  134
90.12  116
90.14  129
90.16  127
90.18  127
90.20  139
90.22  112
90.24  124
90.26  112
90.28  142
90.30  126
90.32  149
90.34  144
90.36  140
90.38  139
90.40  133
90.42  137
90.44  142
90.46  150
90.48  131
90.50  130
90.52  138
90.54  136
90.56  127
90.58  115
90.60  131
90.62  145
90.64  137
90.66  158
90.68  130
90.70  139
90.72  134
90.74  150
90.76  130
90.78  151
90.80  135
90.82  128
90.84  116
90.86  142
90.88  127
90.90  143
90.92  130
90.94  131
90.96  146
90.98  157
91.00  123
91.02  142
91.04  151
91.06  121
91.08  120
91.10  125
91.12  120
91.14  135
91.16  130
91.18  112
91.20  134
91.22  113
91.24  135
91.26  140
91.28  134
91.30  138
91.32  122
91.34  151
91.36  146
91.38  122
91.40  143
91.42  125
91.44  151
91.46  135
91.48  126
91.50  126
91.52  126
91.54  131
91.56  148
91.58  143
91.60  128
91.62  142
91.64  106
91.66  109
91.68  136
91.70  147
91.72  137
91.74  130
91.76  129
91.78  152
91.80  138
91.82  140
91.84  149
91.86  142
91.88  137
91.90  146
91.92  148
91.94  140
91.96  160
91.98  146
92.00  129
92.02  160
92.04  146
92.06  151
92.08  147
92.10  146
92.12  144
92.14  153
92.16  150
92.18  136
92.20  157
92.22  154
92.24  146
92.26  159
92.28  174
92.30  166
92.32  151
92.34  179
92.36  173
92.38  154
92.40  162
92.42  180
92.44  186
92.46  173
92.48  205
92.50  217
92.52  195
92.54  208
92.56  236
92.58  228
92.60  221
92.62  267
92.64  257
92.66  266
92.68  308
92.70  331
92.72  331
92.74  398
92.76  464
92.78  575
92.80  707
92.82  949
92.84  1458
92.86  2358
92.88  3802
92.90  5342
92.92  7027
92.94  7426
92.96  6062
92.98  4572
93.00  2869
93.02  1858
93.04  1260
93.06  922
93.08  822
93.10  787
93.12  819
93.14  1020
93.16  1404
93.18  2006
93.20  2937
93.22  3661
93.24  3720
93.26  3216
93.28  2301
93.30  1573
93.32  987
93.34  687
93.36  490
93.38  408
93.40  346
93.42  310
93.44  306
93.46  292
93.48  240
93.50  230
93.52  233
93.54  205
93.56  198
93.58  222
93.60  198
93.62  180
93.64  176
93.66  165
93.68  173
93.70  164
93.72  166
93.74  183
93.76  169
93.78  160
93.80  190
93.82  167
93.84  164
93.86  164
93.88  148
93.90  161
93.92  166
93.94  177
93.96  170
93.98  175
94.00  167
94.02  138
94.04  161
94.06  159
94.08  145
94.10  167
94.12  152
94.14  161
94.16  133
94.18  153
94.20  138
94.22  146
94.24  163
94.26  128
94.28  137
94.30  135
94.32  161
94.34  141
94.36  139
94.38  155
94.40  114
94.42  133
94.44  164
94.46  145
94.48  129
94.50  163
94.52  162
94.54  150
94.56  139
94.58  161
94.60  124
94.62  147
94.64  112
94.66  152
94.68  141
94.70  145
94.72  132
94.74  141
94.76  132
94.78  140
94.80  135
94.82  160
94.84  128
94.86  127
94.88  161
94.90  141
94.92  158
94.94  137
94.96  143
94.98  126
95.00  136
95.02  154
95.04  144
95.06  133
95.08  147
95.10  144
95.12  125
95.14  113
95.16  146
95.18  140
95.20  152
95.22  141
95.24  149
95.26  145
95.28  150
95.30  123
95.32  144
95.34  156
95.36  157
95.38  136
95.40  155
95.42  144
95.44  155
95.46  133
95.48  141
95.50  130
95.52  135
95.54  143
95.56  144
95.58  164
95.60  147
95.62  142
95.64  141
95.66  145
95.68  140
95.70  144
95.72  141
95.74  141
95.76  151
95.78  144
95.80  151
95.82  158
95.84  138
95.86  135
95.88  140
95.90  151
95.92  142
95.94  140
95.96  134
95.98  139
96.00  175
96.02  151
96.04  145
96.06  158
96.08  123
96.10  158
96.12  151
96.14  148
96.16  154
96.18  134
96.20  131
96.22  140
96.24  137
96.26  137
96.28  136
96.30  138
96.32  136
96.34  126
96.36  123
96.38  128
96.40  139
96.42  149
96.44  160
96.46  141
96.48  138
96.50  168
96.52  138
96.54  150
96.56  144
96.58  137
96.60  126
96.62  142
96.64  158
96.66  129
96.68  152
96.70  141
96.72  142
96.74  144
96.76  145
96.78  125
96.80  120
96.82  127
96.84  183
96.86  158
96.88  157
96.90  145
96.92  145
96.94  167
96.96  166
96.98  153
97.00  138
97.02  126
97.04  136
97.06  152
97.08  137
97.10  167
97.12  135
97.14  140
97.16  127
97.18  133
97.20  156
97.22  141
97.24  155
97.26  123
97.28  138
97.30  171
97.32  164
97.34  154
97.36  143
97.38  134
97.40  150
97.42  137
97.44  151
97.46  147
97.48  124
97.50  154
97.52  163
97.54  143
97.56  144
97.58  142
97.60  170
97.62  146
97.64  170
97.66  153
97.68  158
97.70  180
97.72  138
97.74  162
97.76  130
97.78  159
97.80  164
97.82  151
97.84  157
97.86  131
97.88  153
97.90  159
97.92  160
97.94  175
97.96  144
97.98  181
98.00  170
98.02  162
98.04  197
98.06  168
98.08  176
98.10  145
98.12  190
98.14  186
98.16  203
98.18  186
98.20  200
98.22  218
98.24  235
98.26  235
98.28  296
98.30  306
98.32  411
98.34  521
98.36  811
98.38  1206
98.40  1672
98.42  2176
98.44  2385
98.46  2168
98.48  1666
98.50  1178
98.52  763
98.54  531
98.56  424
98.58  362
98.60  312
98.62  325
98.64  315
98.66  342
98.68  467
98.70  604
98.72  745
98.74  1112
98.76  1286
98.78  1200
98.80  1125
98.82  794
98.84  624
98.86  366
98.88  322
98.90  270
98.92  229
98.94  211
98.96  172
98.98  214
99.00  203
99.02  201
99.04  173
99.06  165
99.08  183
99.10  170
99.12  174
99.14  157
99.16  149
99.18  161
99.20  155
99.22  149
99.24  148
99.26  170
99.28  142
99.30  167
99.32  145
99.34  151
99.36  151
99.38  135
99.40  146
99.42  140
99.44  165
99.46  167
99.48  164
99.50  144
99.52  151
99.54  140
99.56  136
99.58  132
99.60  147
99.62  122
99.64  147
99.66  160
99.68  159
99.70  141
99.72  151
99.74  160
99.76  146
99.78  155
99.80  170
99.82  147
99.84  177
99.86  151
99.88  141
99.90  138
99.92  145
99.94  138
99.96  149
99.98  160
100.00  161
